671331 5.70536e+06 100
671350 5.70536e+06 100
671369 5.70536e+06 100
671388 5.70536e+06 100
671407 5.70536e+06 100
671426 5.70536e+06 100
671445 5.70535e+06 100
671464 5.70535e+06 100
671483 5.70535e+06 100
671502 5.70535e+06 100
671521 5.70535e+06 100
671540 5.70535e+06 100
671559 5.70535e+06 100
671578 5.70535e+06 100
671597 5.70535e+06 100
671616 5.70535e+06 100
671635 5.70535e+06 100
671654 5.70534e+06 100
671673 5.70534e+06 100
671692 5.70534e+06 100
671711 5.70534e+06 100
671730 5.70534e+06 100
671749 5.70534e+06 100
671768 5.70534e+06 100
671787 5.70534e+06 100
671806 5.70534e+06 100
671825 5.70534e+06 100
671843 5.70534e+06 100
671862 5.70533e+06 100
671881 5.70533e+06 100
671900 5.70533e+06 100
671919 5.70533e+06 100.114
671938 5.70532e+06 100.229
671956 5.70532e+06 100.343
671975 5.70532e+06 100.457
671993 5.70531e+06 100.571
672012 5.70531e+06 100.686
672030 5.70531e+06 100.8
672049 5.7053e+06 100.914
672067 5.7053e+06 101.028
672086 5.70529e+06 101.143
672104 5.70529e+06 101.257
672123 5.70529e+06 101.371
672141 5.70528e+06 101.486
672160 5.70528e+06 101.6
672179 5.70527e+06 101.714
672197 5.70527e+06 101.828
672216 5.70527e+06 101.943
672234 5.70526e+06 102.057
672253 5.70526e+06 102.171
672271 5.70525e+06 102.285
672290 5.70525e+06 102.4
672308 5.70525e+06 102.514
672327 5.70524e+06 102.628
672345 5.70524e+06 102.742
672364 5.70523e+06 102.857
672383 5.70523e+06 102.971
672401 5.70523e+06 103.085
672420 5.70522e+06 103.2
672438 5.70522e+06 103.314
672457 5.70521e+06 103.428
672475 5.70521e+06 103.542
672494 5.70521e+06 103.657
672512 5.7052e+06 103.771
672531 5.7052e+06 103.885
672549 5.70519e+06 103.999
672568 5.70519e+06 104.114
672586 5.70519e+06 104.228
672605 5.70518e+06 104.342
672624 5.70518e+06 104.457
672642 5.70517e+06 104.571
672661 5.70517e+06 104.685
672679 5.70517e+06 104.799
672698 5.70516e+06 104.914
672716 5.70516e+06 105.028
672735 5.70516e+06 105.142
672753 5.70515e+06 105.256
672772 5.70515e+06 105.371
672790 5.70514e+06 105.485
672809 5.70514e+06 105.599
672828 5.70514e+06 105.714
672846 5.70513e+06 105.828
672865 5.70513e+06 105.942
672883 5.70512e+06 106.056
672902 5.70512e+06 106.171
672920 5.70512e+06 106.285
672939 5.70511e+06 106.399
672957 5.70511e+06 106.513
672976 5.7051e+06 106.628
672994 5.7051e+06 106.742
673013 5.7051e+06 106.856
673032 5.70509e+06 106.971
673050 5.70509e+06 107.085
673069 5.70508e+06 107.199
673087 5.70508e+06 107.313
673106 5.70508e+06 107.428
673124 5.70507e+06 107.542
673143 5.70507e+06 107.656
673161 5.70506e+06 107.77
673180 5.70506e+06 107.885

675514 5.70456e+06 122.27